 lfw_5590\Cindy_Zagorski_0001.jpg 107.250000 144.250000 107.250000 113.250000 145.250000 115.750000 113.250000 131.750000 175.750000 172.250000 2 1 2 1
 lfw_5590\Federico_Trillo_0001.jpg 103.250000 133.250000 109.750000 119.250000 145.250000 110.250000 110.250000 140.250000 155.750000 152.750000 1 2 2 1
 lfw_5590\Hartmut_Mehdorn_0001.jpg 111.250000 141.750000 117.250000 124.250000 150.250000 115.250000 107.250000 137.250000 160.750000 151.250000 1 2 2 1
 lfw_5590\John_Sununu_0001.jpg 105.250000 134.250000 102.750000 112.750000 132.750000 120.750000 111.250000 135.750000 164.750000 159.750000 1 2 1 1
 lfw_5590\Margaret_Caruso_0001.jpg 97.750000 125.750000 93.750000 100.750000 131.250000 114.250000 115.750000 144.750000 162.250000 163.250000 2 1 2 1
 lfw_5590\Michael_Linscott_0001.jpg 101.750000 127.750000 105.250000 113.750000 140.750000 128.250000 111.750000 148.750000 171.750000 160.750000 1 2 2 1
 lfw_5590\Michelle_Pfeiffer_0001.jpg 101.250000 130.250000 100.750000 109.750000 141.750000 112.750000 113.250000 136.250000 154.250000 153.750000 2 1 2 1
 lfw_5590\Randy_Brown_0001.jpg 111.750000 145.750000 112.750000 113.750000 137.250000 114.250000 114.250000 136.250000 159.250000 160.250000 1 2 2 1
 lfw_5590\Tim_Conway_0001.jpg 81.250000 115.750000 87.250000 88.250000 125.250000 118.250000 115.750000 144.750000 159.250000 157.750000 1 1 2 1
 lfw_5590\Victoria_Clarke_0001.jpg 112.250000 136.750000 114.250000 127.250000 146.750000 120.750000 109.250000 140.750000 162.250000 154.750000 2 2 2 1
 net_7876\119_0_0.jpg 149.000000 212.000000 148.000000 152.000000 206.000000 146.000000 156.000000 196.000000 247.000000 251.000000 1 2 2 1
 net_7876\1235_0_0.jpg 146.000000 220.000000 133.000000 132.000000 190.000000 144.000000 151.000000 196.000000 242.000000 248.000000 2 1 2 1
 net_7876\1248_0_0.jpg 157.000000 221.000000 156.000000 156.000000 216.000000 155.000000 162.000000 204.000000 257.000000 261.000000 2 2 2 1
 net_7876\1248_1_0.jpg 155.000000 224.000000 137.000000 139.000000 221.000000 135.000000 153.000000 197.000000 241.000000 261.000000 2 1 2 1
 net_7876\127_1_0.jpg 158.000000 217.000000 164.000000 174.000000 235.000000 144.000000 148.000000 206.000000 250.000000 256.000000 1 2 2 1
 net_7876\1327_0_0.jpg 159.000000 261.000000 161.000000 163.000000 261.000000 157.000000 138.000000 205.000000 287.000000 272.000000 2 2 2 1
 net_7876\1330_0_0.jpg 151.000000 235.000000 159.000000 162.000000 259.000000 159.000000 162.000000 225.000000 257.000000 261.000000 2 1 2 1
 net_7876\1359_0_0.jpg 134.000000 196.000000 127.000000 155.000000 207.000000 137.000000 160.000000 215.000000 252.000000 266.000000 2 2 2 1
 net_7876\1368_1_0.jpg 150.000000 221.000000 149.000000 151.000000 214.000000 151.000000 159.000000 206.000000 243.000000 249.000000 2 1 2 1
 net_7876\1780_0_0.jpg 130.000000 206.000000 135.000000 137.000000 225.000000 158.000000 157.000000 212.000000 242.000000 241.000000 1 1 2 1
 net_7876\454_0_0.jpg 146.000000 209.000000 143.000000 166.000000 234.000000 156.000000 153.000000 228.000000 280.000000 274.000000 2 1 2 1
 net_7876\48_0_0.jpg 145.000000 212.000000 150.000000 162.000000 211.000000 168.000000 147.000000 206.000000 270.000000 255.000000 1 1 2 1
 net_7876\49_0_0.jpg 141.000000 207.000000 149.000000 162.000000 218.000000 160.000000 142.000000 206.000000 266.000000 254.000000 2 1 2 1
 net_7876\5318_0_0.jpg 136.000000 203.000000 143.000000 158.000000 209.000000 156.000000 153.000000 220.000000 254.000000 252.000000 1 1 2 1
 net_7876\5334_0_0.jpg 134.000000 224.000000 170.000000 184.000000 243.000000 146.000000 141.000000 219.000000 253.000000 246.000000 2 2 2 1
 net_7876\5686_0_0.jpg 135.000000 191.000000 131.000000 146.000000 199.000000 149.000000 146.000000 219.000000 258.000000 260.000000 2 2 2 1
 net_7876\5748_0_0.jpg 137.000000 200.000000 156.000000 178.000000 214.000000 149.000000 144.000000 214.000000 264.000000 264.000000 2 2 2 1
 net_7876\6061_0_0.jpg 147.000000 210.000000 133.000000 149.000000 203.000000 158.000000 165.000000 195.000000 247.000000 258.000000 2 1 2 1
 net_7876\6160_0_0.jpg 160.000000 229.000000 169.000000 183.000000 254.000000 144.000000 142.000000 221.000000 264.000000 264.000000 1 2 2 1
 net_7876\6232_0_0.jpg 145.000000 215.000000 143.000000 163.000000 233.000000 141.000000 132.000000 215.000000 273.000000 265.000000 2 1 2 1
 net_7876\6410_0_0.jpg 144.000000 215.000000 141.000000 155.000000 211.000000 144.000000 135.000000 198.000000 253.000000 252.000000 2 2 2 1
 net_7876\6510_0_0.jpg 140.000000 212.000000 151.000000 166.000000 216.000000 169.000000 157.000000 205.000000 253.000000 242.000000 1 1 1 1
 net_7876\6966_2_0.jpg 143.000000 215.000000 151.000000 156.000000 227.000000 151.000000 154.000000 223.000000 248.000000 245.000000 1 1 2 1
 net_7876\7050_0_0.jpg 134.000000 196.000000 139.000000 155.000000 204.000000 180.000000 156.000000 209.000000 258.000000 248.000000 1 2 2 1
 net_7876\7067_0_0.jpg 145.000000 217.000000 148.000000 158.000000 216.000000 165.000000 151.000000 204.000000 263.000000 255.000000 2 2 2 1
 net_7876\7104_0_0.jpg 145.000000 217.000000 148.000000 163.000000 216.000000 151.000000 152.000000 223.000000 256.000000 263.000000 2 2 2 1
 net_7876\712_0_0.jpg 132.000000 213.000000 128.000000 150.000000 213.000000 159.000000 159.000000 214.000000 248.000000 250.000000 2 1 2 1
 net_7876\7305_0_0.jpg 128.000000 191.000000 122.000000 145.000000 204.000000 139.000000 142.000000 223.000000 261.000000 262.000000 2 1 2 1
 net_7876\7328_1_0.jpg 134.000000 218.000000 152.000000 158.000000 245.000000 157.000000 147.000000 225.000000 247.000000 231.000000 2 1 2 1
 net_7876\7400_0_0.jpg 138.000000 199.000000 143.000000 150.000000 206.000000 154.000000 153.000000 204.000000 248.000000 247.000000 1 1 1 1
 net_7876\7651_0_0.jpg 141.000000 209.000000 149.000000 163.000000 230.000000 160.000000 147.000000 220.000000 259.000000 250.000000 1 2 2 1
 net_7876\7819_0_0.jpg 136.000000 207.000000 138.000000 155.000000 223.000000 181.000000 150.000000 204.000000 260.000000 247.000000 2 2 1 1
 net_7876\8101_0_0.jpg 145.000000 210.000000 145.000000 150.000000 206.000000 147.000000 160.000000 217.000000 256.000000 265.000000 2 1 2 1
 net_7876\8297_0_0.jpg 147.000000 222.000000 143.000000 151.000000 211.000000 147.000000 150.000000 196.000000 246.000000 251.000000 1 2 2 1
 net_7876\8435_0_0.jpg 150.000000 223.000000 149.000000 167.000000 227.000000 160.000000 143.000000 213.000000 279.000000 264.000000 1 2 2 1
 net_7876\8526_1_0.jpg 130.000000 209.000000 143.000000 155.000000 222.000000 153.000000 138.000000 213.000000 265.000000 252.000000 2 1 2 1
 net_7876\8829_1_0.jpg 159.000000 231.000000 181.000000 189.000000 259.000000 169.000000 139.000000 220.000000 251.000000 225.000000 1 1 2 1
 net_7876\9037_0_0.jpg 135.000000 212.000000 132.000000 134.000000 201.000000 165.000000 145.000000 205.000000 261.000000 251.000000 2 2 2 1
 net_7876\9112_1_0.jpg 146.000000 209.000000 150.000000 157.000000 228.000000 156.000000 147.000000 215.000000 245.000000 237.000000 2 1 2 1
 net_7876\9207_0_0.jpg 162.000000 238.000000 158.000000 151.000000 229.000000 149.000000 158.000000 191.000000 225.000000 243.000000 1 1 1 1
 net_7876\928_0_0.jpg 142.000000 214.000000 140.000000 157.000000 212.000000 155.000000 145.000000 208.000000 256.000000 250.000000 2 2 2 1
 net_7876\9360_0_0.jpg 146.000000 207.000000 132.000000 145.000000 206.000000 150.000000 143.000000 200.000000 242.000000 237.000000 1 2 2 1
 net_7876\_-20_1221_0.jpg 72.000000 104.000000 73.000000 71.000000 93.000000 59.000000 60.000000 77.000000 102.000000 103.000000 2 2 2 1
 net_7876\_-20_1386_0.jpg 69.000000 94.000000 69.000000 71.000000 92.000000 69.000000 65.000000 84.000000 104.000000 103.000000 2 2 2 1
 net_7876\_-40_1320_0.jpg 61.000000 93.000000 64.000000 68.000000 97.000000 62.000000 60.000000 85.000000 102.000000 101.000000 2 2 2 1
 net_7876\_-40_1551_0.jpg 60.000000 85.000000 64.000000 68.000000 91.000000 69.000000 63.000000 88.000000 104.000000 97.000000 1 1 2 1
 net_7876\_-40_1590_0.jpg 68.000000 94.000000 67.000000 68.000000 94.000000 54.000000 55.000000 71.000000 96.000000 97.000000 2 1 1 1
 net_7876\_-40_1654_0.jpg 62.000000 83.000000 66.000000 72.000000 93.000000 70.000000 63.000000 81.000000 98.000000 91.000000 1 1 2 1
 net_7876\_-40_1672_1.jpg 60.000000 89.000000 61.000000 63.000000 85.000000 63.000000 56.000000 79.000000 96.000000 91.000000 2 2 2 1
 net_7876\_-40_1809_0.jpg 75.000000 103.000000 73.000000 71.000000 95.000000 58.000000 59.000000 75.000000 94.000000 96.000000 2 2 2 1
 net_7876\_-40_181_0.jpg 65.000000 92.000000 62.000000 64.000000 90.000000 64.000000 60.000000 82.000000 103.000000 102.000000 2 2 2 1
 net_7876\_-40_1871_0.jpg 66.000000 93.000000 68.000000 68.000000 100.000000 67.000000 64.000000 85.000000 98.000000 98.000000 2 1 2 1
 net_7876\_-40_1999_0.jpg 62.000000 91.000000 67.000000 70.000000 95.000000 62.000000 60.000000 87.000000 100.000000 97.000000 2 1 2 1
 net_7876\_-40_200_0.jpg 66.000000 91.000000 66.000000 69.000000 93.000000 60.000000 66.000000 85.000000 90.000000 95.000000 2 1 2 1
 net_7876\_-40_2018_0.jpg 66.000000 88.000000 66.000000 69.000000 89.000000 66.000000 69.000000 82.000000 93.000000 96.000000 2 1 1 1
 net_7876\_-40_2074_0.jpg 64.000000 100.000000 70.000000 72.000000 108.000000 64.000000 60.000000 90.000000 105.000000 104.000000 1 1 2 1
 net_7876\_-40_2147_0.jpg 65.000000 92.000000 66.000000 69.000000 97.000000 63.000000 64.000000 85.000000 97.000000 98.000000 2 1 2 1
 net_7876\_-40_2373_0.jpg 69.000000 100.000000 69.000000 69.000000 93.000000 66.000000 64.000000 88.000000 111.000000 112.000000 1 2 2 1
 net_7876\_-40_2457_1.jpg 66.000000 95.000000 70.000000 75.000000 107.000000 70.000000 59.000000 84.000000 101.000000 92.000000 2 1 2 1
 net_7876\_-40_2475_1.jpg 65.000000 93.000000 58.000000 59.000000 83.000000 60.000000 64.000000 80.000000 96.000000 101.000000 1 1 2 1
 net_7876\_-40_2510_1.jpg 64.000000 91.000000 63.000000 67.000000 97.000000 65.000000 61.000000 77.000000 103.000000 99.000000 1 1 2 1
 net_7876\_-40_259_1.jpg 64.000000 86.000000 66.000000 68.000000 86.000000 61.000000 63.000000 80.000000 92.000000 94.000000 2 2 2 1
 net_7876\_-40_2618_0.jpg 68.000000 100.000000 70.000000 76.000000 106.000000 70.000000 59.000000 91.000000 118.000000 109.000000 1 2 2 1
 net_7876\_-40_2643_1.jpg 66.000000 88.000000 70.000000 75.000000 96.000000 62.000000 63.000000 86.000000 98.000000 98.000000 1 1 2 1
 net_7876\_-40_267_0.jpg 67.000000 94.000000 66.000000 66.000000 88.000000 68.000000 65.000000 84.000000 107.000000 106.000000 1 2 2 1
 net_7876\_-40_2745_0.jpg 65.000000 91.000000 64.000000 66.000000 93.000000 60.000000 61.000000 83.000000 98.000000 99.000000 2 1 2 1
 net_7876\_-40_274_0.jpg 65.000000 89.000000 63.000000 64.000000 90.000000 56.000000 62.000000 77.000000 86.000000 93.000000 2 1 2 1
 net_7876\_0_1247_0.jpg 65.000000 92.000000 66.000000 66.000000 95.000000 57.000000 61.000000 81.000000 91.000000 96.000000 2 1 2 1
 net_7876\_-60_100_0.jpg 68.000000 90.000000 69.000000 75.000000 97.000000 65.000000 63.000000 81.000000 102.000000 100.000000 1 1 2 1
 net_7876\_-60_1110_2.jpg 67.000000 90.000000 69.000000 74.000000 90.000000 65.000000 70.000000 83.000000 96.000000 99.000000 1 2 2 1
 net_7876\_-60_1116_0.jpg 66.000000 90.000000 66.000000 70.000000 92.000000 69.000000 60.000000 83.000000 105.000000 99.000000 2 2 2 1
 net_7876\_-60_1204_1.jpg 67.000000 90.000000 66.000000 70.000000 92.000000 69.000000 66.000000 86.000000 102.000000 98.000000 2 1 2 1
 net_7876\_-60_1297_0.jpg 69.000000 102.000000 68.000000 70.000000 101.000000 67.000000 65.000000 90.000000 115.000000 114.000000 1 1 2 1
 net_7876\_-60_1345_0.jpg 63.000000 92.000000 66.000000 72.000000 97.000000 68.000000 63.000000 87.000000 105.000000 99.000000 1 1 2 1
 net_7876\_-60_1593_0.jpg 71.000000 92.000000 70.000000 77.000000 96.000000 60.000000 59.000000 82.000000 98.000000 97.000000 2 1 1 1
 net_7876\_-60_1701_0.jpg 60.000000 88.000000 63.000000 70.000000 94.000000 60.000000 59.000000 81.000000 97.000000 94.000000 2 1 2 1
 net_7876\_-60_1736_0.jpg 71.000000 96.000000 69.000000 69.000000 88.000000 64.000000 68.000000 82.000000 95.000000 100.000000 1 1 2 1
 net_7876\_-60_17_0.jpg 66.000000 94.000000 68.000000 73.000000 96.000000 62.000000 65.000000 90.000000 100.000000 102.000000 2 2 2 1
 net_7876\_-60_1891_0.jpg 57.000000 84.000000 55.000000 62.000000 82.000000 62.000000 69.000000 84.000000 104.000000 105.000000 1 2 2 1
 net_7876\_-60_2111_0.jpg 70.000000 90.000000 62.000000 66.000000 80.000000 58.000000 63.000000 77.000000 95.000000 97.000000 1 2 2 1
 net_7876\_-60_2150_0.jpg 73.000000 99.000000 72.000000 75.000000 95.000000 71.000000 65.000000 88.000000 107.000000 104.000000 2 2 2 1
 net_7876\_-60_2214_0.jpg 64.000000 86.000000 59.000000 66.000000 85.000000 69.000000 63.000000 79.000000 102.000000 99.000000 2 2 2 1
 net_7876\_-60_2242_0.jpg 68.000000 85.000000 64.000000 71.000000 84.000000 67.000000 69.000000 88.000000 103.000000 107.000000 1 2 1 1
 net_7876\_-60_2318_1.jpg 63.000000 106.000000 65.000000 72.000000 108.000000 53.000000 65.000000 94.000000 108.000000 113.000000 1 2 2 1
 net_7876\_-60_2389_0.jpg 62.000000 85.000000 66.000000 69.000000 94.000000 63.000000 62.000000 83.000000 90.000000 89.000000 2 1 2 1
 net_7876\_-60_2566_0.jpg 60.000000 80.000000 59.000000 61.000000 79.000000 64.000000 63.000000 80.000000 98.000000 100.000000 2 2 2 1
 net_7876\_-60_2706_1.jpg 64.000000 90.000000 64.000000 66.000000 91.000000 62.000000 59.000000 80.000000 94.000000 93.000000 2 1 2 1
 net_7876\_-60_3053_0.jpg 67.000000 94.000000 71.000000 77.000000 98.000000 74.000000 71.000000 97.000000 111.000000 110.000000 2 2 2 1
 net_7876\_-60_3173_0.jpg 68.000000 92.000000 67.000000 70.000000 93.000000 69.000000 62.000000 77.000000 99.000000 93.000000 2 1 2 1
 net_7876\_-60_3206_0.jpg 66.000000 82.000000 60.000000 67.000000 82.000000 64.000000 69.000000 79.000000 98.000000 99.000000 1 2 1 1
 net_7876\_-60_3368_0.jpg 59.000000 80.000000 54.000000 73.000000 91.000000 97.000000 96.000000 128.000000 155.000000 152.000000 1 1 2 1
 net_7876\_-60_3439_0.jpg 65.000000 89.000000 64.000000 73.000000 100.000000 74.000000 64.000000 91.000000 114.000000 105.000000 1 1 1 1
 net_7876\_-60_348_1.jpg 71.000000 92.000000 64.000000 78.000000 98.000000 61.000000 62.000000 86.000000 103.000000 102.000000 1 1 2 1
 net_7876\_-60_3516_0.jpg 74.000000 92.000000 67.000000 72.000000 91.000000 63.000000 63.000000 82.000000 100.000000 100.000000 2 1 2 1
 net_7876\_-60_3530_0.jpg 65.000000 93.000000 63.000000 67.000000 90.000000 64.000000 64.000000 79.000000 102.000000 101.000000 1 2 2 1
 net_7876\_-60_3532_0.jpg 68.000000 92.000000 66.000000 70.000000 92.000000 60.000000 56.000000 74.000000 97.000000 94.000000 2 2 2 1
 net_7876\_-60_3570_1.jpg 66.000000 88.000000 65.000000 67.000000 84.000000 68.000000 70.000000 85.000000 100.000000 102.000000 1 2 2 1
 net_7876\_-60_3642_0.jpg 72.000000 97.000000 69.000000 73.000000 93.000000 67.000000 65.000000 78.000000 98.000000 96.000000 2 1 2 1
 net_7876\_-60_364_0.jpg 67.000000 92.000000 67.000000 69.000000 89.000000 67.000000 65.000000 85.000000 103.000000 102.000000 2 2 2 1
 net_7876\_-60_3902_0.jpg 68.000000 92.000000 64.000000 71.000000 97.000000 62.000000 61.000000 82.000000 100.000000 98.000000 1 1 2 1
 net_7876\_-60_3992_0.jpg 71.000000 98.000000 70.000000 70.000000 87.000000 67.000000 69.000000 78.000000 103.000000 103.000000 2 2 2 1
 net_7876\_-60_4233_0.jpg 59.000000 87.000000 61.000000 67.000000 87.000000 70.000000 68.000000 92.000000 103.000000 106.000000 2 1 2 1
 net_7876\_-60_4297_0.jpg 62.000000 90.000000 58.000000 64.000000 86.000000 65.000000 57.000000 82.000000 105.000000 100.000000 2 2 2 1
 net_7876\_-60_4434_0.jpg 72.000000 95.000000 71.000000 72.000000 94.000000 65.000000 66.000000 83.000000 98.000000 102.000000 1 1 1 1
 net_7876\_-60_4925_0.jpg 64.000000 87.000000 58.000000 65.000000 83.000000 60.000000 63.000000 87.000000 103.000000 105.000000 1 2 2 1
 net_7876\_-60_4928_0.jpg 67.000000 91.000000 65.000000 68.000000 90.000000 65.000000 62.000000 78.000000 97.000000 95.000000 2 1 2 1
 net_7876\_-60_5370_0.jpg 76.000000 98.000000 69.000000 73.000000 94.000000 61.000000 64.000000 79.000000 96.000000 101.000000 2 1 2 1
 net_7876\_-60_5504_0.jpg 66.000000 96.000000 71.000000 78.000000 101.000000 61.000000 57.000000 86.000000 101.000000 99.000000 2 1 2 1
 net_7876\_-60_5734_0.jpg 69.000000 93.000000 68.000000 70.000000 91.000000 69.000000 66.000000 81.000000 96.000000 96.000000 1 1 1 1
 net_7876\_-60_6360_0.jpg 63.000000 92.000000 66.000000 72.000000 93.000000 68.000000 57.000000 86.000000 109.000000 101.000000 1 1 2 1
 net_7876\_-60_647_0.jpg 68.000000 93.000000 67.000000 67.000000 86.000000 59.000000 64.000000 78.000000 91.000000 98.000000 2 2 1 1
 net_7876\_-60_6605_0.jpg 62.000000 84.000000 61.000000 71.000000 91.000000 64.000000 61.000000 84.000000 99.000000 98.000000 2 1 1 1
 net_7876\_-60_6608_0.jpg 67.000000 85.000000 62.000000 67.000000 86.000000 66.000000 66.000000 81.000000 96.000000 96.000000 2 1 2 1
 net_7876\_-60_6732_0.jpg 65.000000 82.000000 65.000000 68.000000 85.000000 63.000000 63.000000 79.000000 93.000000 93.000000 2 1 1 1
 net_7876\_-60_6795_0.jpg 63.000000 81.000000 62.000000 72.000000 85.000000 68.000000 67.000000 90.000000 105.000000 104.000000 1 2 1 1
 net_7876\_-60_7115_0.jpg 71.000000 97.000000 72.000000 77.000000 98.000000 67.000000 65.000000 87.000000 100.000000 100.000000 1 2 2 1
 net_7876\_-60_7278_0.jpg 72.000000 93.000000 67.000000 72.000000 94.000000 63.000000 69.000000 90.000000 103.000000 106.000000 1 1 2 1
 net_7876\_-60_7318_0.jpg 68.000000 97.000000 67.000000 69.000000 94.000000 46.000000 49.000000 65.000000 91.000000 94.000000 1 2 2 1
 net_7876\_-60_757_0.jpg 63.000000 93.000000 62.000000 65.000000 87.000000 63.000000 58.000000 78.000000 102.000000 99.000000 1 2 2 1
 net_7876\_-60_8341_1.jpg 65.000000 96.000000 67.000000 74.000000 96.000000 61.000000 62.000000 83.000000 108.000000 108.000000 1 2 2 1
 net_7876\_-60_8701_0.jpg 66.000000 90.000000 68.000000 71.000000 86.000000 69.000000 67.000000 85.000000 103.000000 102.000000 2 2 2 1
 net_7876\_-60_9134_0.jpg 69.000000 94.000000 66.000000 71.000000 99.000000 64.000000 64.000000 88.000000 100.000000 101.000000 2 1 2 1
 net_7876\_-60_9279_0.jpg 69.000000 93.000000 67.000000 70.000000 90.000000 59.000000 62.000000 77.000000 96.000000 100.000000 1 2 2 1
 net_7876\_-60_9566_1.jpg 75.000000 94.000000 72.000000 75.000000 94.000000 70.000000 68.000000 82.000000 100.000000 99.000000 2 2 2 1
 net_7876\_-60_9607_0.jpg 55.000000 87.000000 55.000000 59.000000 87.000000 54.000000 68.000000 85.000000 95.000000 100.000000 2 1 2 1
 net_7876\_-60_9915_0.jpg 66.000000 90.000000 62.000000 63.000000 82.000000 61.000000 65.000000 85.000000 103.000000 107.000000 1 2 2 1
